0.12906314
0.22260873
0.96959233
0.76305056
0.59704536
0.8756171
0.8661224
0.3277071
0.88209766
0.39047986
0.3317637
0.8132612
0.8910069
0.6103617
0.0545323
0.9717949
0.001756621
0.15513138
0.5357422
0.12530795
0.16335998
0.16328198
0.49436992
0.4842834
0.060146824
0.8039705
0.6403312
0.61858976
0.25435323
0.96643436
0.15678945
0.49627867
0.7687149
0.55845577
0.2950899
0.670874
0.39986587
0.40120897
0.33064157
0.39403906
0.16369583
0.7947402
0.75404465
0.65804654
0.6654221
0.4464932
0.9789885
0.43126565
0.85998183
0.60470754
0.036921427
0.6399191
0.62245387
0.9191819
0.69821906
0.77065295
0.7835685
0.76380724
0.21055748
0.32099968
0.8019686
0.49843958
0.37741995
0.7086059
0.04273292
0.42209598
0.013146582
0.66513294
0.71077776
0.97512174
0.9056597
0.58702993
0.8481019
0.08489009
0.2939757
0.7929162
0.44544303
0.41776076
0.5248416
0.14609978
0.6417649
0.6994366
0.99130815
0.04079784
0.18909545
0.19652325
0.6757816
0.32191363
0.8455889
0.9140085
0.6210701
0.31076375
0.12628506
0.056544784
0.43516764
0.74293876
0.88889146
0.82583016
0.49899688
0.08951867
